SMITH,"2,442,977",70.90%,23.11%,0.50%,0.89%,2.19%,2.40%
JOHNSON,"1,932,812",58.97%,34.63%,0.54%,0.94%,2.56%,2.36%
WILLIAMS,"1,625,252",45.75%,47.68%,0.46%,0.82%,2.81%,2.49%
BROWN,"1,437,026",57.95%,35.60%,0.51%,0.87%,2.55%,2.52%
JONES,"1,425,470",55.19%,38.48%,0.44%,1.00%,2.61%,2.29%
GARCIA,"1,166,120",5.38%,0.45%,1.41%,0.47%,0.26%,92.03%
MILLER,"1,161,437",84.11%,10.76%,0.54%,0.66%,1.77%,2.17%
DAVIS,"1,116,357",62.20%,31.60%,0.49%,0.82%,2.45%,2.44%
RODRIGUEZ,"1,094,924",4.75%,0.54%,0.57%,0.18%,0.18%,93.77%
MARTINEZ,"1,060,159",5.28%,0.49%,0.60%,0.51%,0.22%,92.91%
HERNANDEZ,"1,043,281",3.79%,0.36%,0.60%,0.19%,0.16%,94.89%
LOPEZ,"874,523",4.86%,0.57%,1.02%,0.38%,0.25%,92.92%
GONZALEZ,"841,025",4.03%,0.35%,0.38%,0.14%,0.13%,94.97%
WILSON,"801,882",67.36%,25.99%,0.60%,1.06%,2.38%,2.61%
ANDERSON,"784,404",75.17%,18.93%,0.61%,0.74%,2.11%,2.44%
THOMAS,"756,142",52.63%,38.75%,2.44%,1.07%,2.58%,2.54%
TAYLOR,"751,209",65.38%,28.42%,0.56%,0.76%,2.41%,2.46%
MOORE,"724,374",66.41%,27.74%,0.48%,0.68%,2.34%,2.34%
JACKSON,"708,099",39.89%,53.04%,0.39%,1.06%,3.12%,2.50%
MARTIN,"702,625",74.80%,15.76%,0.90%,0.98%,2.02%,5.56%
LEE,"693,023",35.95%,16.33%,42.22%,0.97%,2.64%,1.89%
PEREZ,"681,645",4.96%,0.45%,1.17%,0.20%,0.26%,92.95%
THOMPSON,"664,644",69.78%,23.57%,0.57%,1.22%,2.37%,2.49%
WHITE,"660,491",65.51%,28.17%,0.49%,1.07%,2.38%,2.38%
HARRIS,"624,252",51.40%,42.39%,0.47%,0.67%,2.80%,2.26%
SANCHEZ,"612,752",4.98%,0.45%,0.96%,0.37%,0.24%,92.99%
CLARK,"562,679",74.65%,19.02%,0.54%,1.01%,2.19%,2.58%
RAMIREZ,"557,423",3.89%,0.31%,0.93%,0.20%,0.19%,94.48%
LEWIS,"531,781",58.23%,34.84%,0.56%,1.20%,2.58%,2.58%
ROBINSON,"529,821",48.70%,44.93%,0.46%,0.53%,2.77%,2.61%
WALKER,"523,129",58.66%,35.05%,0.45%,0.87%,2.55%,2.41%
YOUNG,"484,447",66.26%,24.67%,3.03%,0.79%,2.66%,2.58%
ALLEN,"482,607",67.59%,26.17%,0.54%,0.86%,2.38%,2.47%
KING,"465,422",70.16%,22.76%,1.23%,0.98%,2.31%,2.55%
WRIGHT,"458,980",65.80%,28.23%,0.51%,0.69%,2.41%,2.36%
SCOTT,"439,530",60.21%,32.92%,0.51%,1.18%,2.59%,2.58%
TORRES,"437,813",5.35%,0.57%,1.43%,0.20%,0.28%,92.16%
NGUYEN,"437,645",0.95%,0.12%,96.45%,0.03%,1.83%,0.63%
HILL,"434,827",64.36%,29.12%,0.53%,0.97%,2.51%,2.51%
FLORES,"433,969",4.87%,0.42%,2.08%,0.34%,0.36%,91.94%
GREEN,"430,182",56.84%,36.97%,0.44%,0.64%,2.47%,2.64%
ADAMS,"427,865",74.02%,19.90%,0.56%,0.79%,2.16%,2.57%
NELSON,"424,958",77.66%,15.97%,0.67%,1.16%,2.00%,2.55%
BAKER,"419,586",79.83%,14.44%,0.56%,0.87%,2.02%,2.28%
HALL,"407,076",72.65%,21.59%,0.64%,0.65%,2.22%,2.25%
RIVERA,"391,114",5.40%,0.95%,2.04%,0.18%,0.37%,91.06%
CAMPBELL,"386,157",73.66%,20.47%,0.53%,0.71%,2.13%,2.49%
MITCHELL,"384,486",61.02%,32.50%,0.48%,1.04%,2.50%,2.47%
CARTER,"376,966",58.20%,35.59%,0.45%,0.78%,2.65%,2.34%
ROBERTS,"376,774",77.27%,16.72%,0.61%,0.85%,2.15%,2.40%
GOMEZ,"365,655",5.12%,0.75%,1.01%,0.26%,0.26%,92.60%
PHILLIPS,"360,802",76.69%,17.09%,0.58%,1.03%,2.17%,2.44%
EVANS,"355,593",68.39%,25.72%,0.47%,0.74%,2.30%,2.39%
TURNER,"348,627",64.25%,30.13%,0.42%,0.60%,2.38%,2.23%
DIAZ,"347,636",5.19%,0.65%,1.19%,0.16%,0.25%,92.56%
PARKER,"336,221",69.17%,24.79%,0.54%,0.88%,2.35%,2.26%
CRUZ,"334,201",5.17%,0.80%,5.19%,0.27%,0.70%,87.88%
EDWARDS,"332,423",62.13%,31.63%,0.50%,0.77%,2.47%,2.50%
COLLINS,"329,770",71.61%,22.43%,0.49%,0.77%,2.23%,2.47%
REYES,"327,904",4.41%,0.59%,5.58%,0.24%,0.59%,88.58%
STEWART,"324,957",69.17%,24.86%,0.48%,0.77%,2.24%,2.49%
MORRIS,"318,884",73.59%,20.08%,0.57%,0.98%,2.24%,2.55%
MORALES,"311,777",4.63%,0.57%,1.18%,0.17%,0.21%,93.23%
MURPHY,"308,417",83.11%,11.53%,0.58%,0.68%,1.76%,2.34%
COOK,"302,589",81.80%,12.55%,0.57%,0.92%,1.98%,2.17%
ROGERS,"302,261",75.40%,18.53%,0.54%,0.82%,2.10%,2.62%
GUTIERREZ,"293,218",4.57%,0.24%,1.40%,0.25%,0.20%,93.33%
ORTIZ,"286,899",4.96%,0.64%,0.67%,0.37%,0.25%,93.11%
MORGAN,"286,280",76.07%,17.27%,0.54%,1.24%,2.10%,2.78%
COOPER,"280,791",67.93%,26.13%,0.50%,0.74%,2.31%,2.40%
PETERSON,"278,297",84.39%,10.09%,0.66%,0.74%,1.72%,2.40%
BAILEY,"277,845",72.45%,22.00%,0.50%,0.62%,2.16%,2.28%
REED,"277,030",71.29%,22.63%,0.51%,1.05%,2.30%,2.22%
KELLY,"267,394",78.09%,16.22%,0.64%,0.54%,1.81%,2.69%
HOWARD,"264,826",64.31%,29.49%,0.50%,0.87%,2.46%,2.37%
RAMOS,"263,464",6.49%,0.98%,4.89%,0.19%,0.65%,86.79%
KIM,"262,352",2.52%,0.39%,94.47%,0.02%,1.96%,0.65%
COX,"261,231",82.62%,12.07%,0.50%,0.67%,1.82%,2.33%
WARD,"260,464",75.58%,18.50%,0.49%,0.91%,2.08%,2.44%
RICHARDSON,"259,798",59.70%,33.63%,0.48%,1.10%,2.44%,2.65%
WATSON,"252,579",66.03%,27.90%,0.53%,0.82%,2.30%,2.41%
BROOKS,"251,663",60.22%,33.47%,0.48%,0.79%,2.56%,2.48%
CHAVEZ,"250,898",5.02%,0.21%,0.65%,0.94%,0.23%,92.96%
WOOD,"250,715",88.72%,5.57%,0.66%,0.84%,1.79%,2.42%
JAMES,"249,379",51.58%,38.86%,1.27%,2.58%,2.64%,3.08%
BENNETT,"247,599",76.56%,17.53%,0.53%,0.88%,1.99%,2.50%
GRAY,"246,116",68.68%,25.13%,0.54%,0.91%,2.33%,2.41%
MENDOZA,"242,771",4.11%,0.35%,4.91%,0.24%,0.42%,89.97%
RUIZ,"238,234",5.17%,0.44%,1.03%,0.22%,0.24%,92.89%
HUGHES,"236,271",78.39%,16.13%,0.50%,0.53%,1.97%,2.47%
PRICE,"235,251",73.93%,20.51%,0.51%,0.66%,2.14%,2.24%
ALVAREZ,"233,983",5.18%,0.60%,1.16%,0.38%,0.23%,92.45%
CASTILLO,"230,420",4.92%,0.72%,3.04%,0.59%,0.46%,90.26%
SANDERS,"230,374",60.78%,32.97%,0.41%,0.84%,2.43%,2.57%
PATEL,"229,973",2.10%,0.38%,94.78%,0.65%,1.65%,0.44%
MYERS,"229,895",84.50%,10.54%,0.50%,0.55%,1.80%,2.10%
LONG,"229,374",79.88%,12.10%,2.48%,1.32%,1.97%,2.24%
ROSS,"229,368",68.96%,24.46%,0.61%,0.90%,2.32%,2.75%
FOSTER,"227,764",69.65%,23.94%,0.55%,0.88%,2.33%,2.65%
JIMENEZ,"227,118",3.84%,0.29%,1.49%,0.20%,0.21%,93.97%
POWELL,"224,874",67.20%,27.12%,0.46%,0.62%,2.29%,2.31%
JENKINS,"222,653",57.76%,36.78%,0.39%,0.57%,2.42%,2.07%
PERRY,"221,741",68.32%,25.20%,0.57%,0.81%,2.43%,2.67%
RUSSELL,"221,558",77.05%,16.69%,0.57%,1.05%,2.18%,2.46%
SULLIVAN,"220,990",87.73%,7.13%,0.60%,0.57%,1.59%,2.39%
BELL,"220,599",61.11%,32.35%,0.55%,1.01%,2.51%,2.46%
COLEMAN,"219,070",49.43%,44.60%,0.40%,0.53%,2.79%,2.25%
BUTLER,"218,847",62.36%,31.54%,0.45%,0.84%,2.45%,2.35%
HENDERSON,"218,393",59.63%,33.98%,0.45%,0.86%,2.56%,2.51%
BARNES,"218,241",64.81%,29.28%,0.48%,0.75%,2.35%,2.33%
GONZALES,"214,758",9.83%,0.99%,3.80%,0.76%,0.56%,84.06%
FISHER,"214,703",82.58%,11.79%,0.55%,0.76%,1.89%,2.43%
VASQUEZ,"212,781",5.06%,0.51%,0.73%,0.29%,0.24%,93.17%
SIMMONS,"210,182",57.91%,36.15%,0.47%,0.67%,2.52%,2.29%
ROMERO,"208,614",8.65%,0.50%,1.30%,0.69%,0.37%,88.50%
JORDAN,"208,403",61.44%,30.73%,0.55%,0.72%,2.45%,4.11%
PATTERSON,"205,423",67.27%,26.80%,0.47%,0.68%,2.35%,2.43%
ALEXANDER,"204,621",58.19%,34.04%,1.24%,0.70%,2.66%,3.17%
HAMILTON,"201,746",70.21%,23.71%,0.54%,0.80%,2.29%,2.45%
GRAHAM,"201,159",70.02%,23.99%,0.51%,0.80%,2.13%,2.55%
REYNOLDS,"200,247",81.08%,13.21%,0.52%,0.71%,2.02%,2.45%
GRIFFIN,"198,406",63.77%,30.81%,0.44%,0.47%,2.28%,2.21%
WALLACE,"197,276",69.24%,24.70%,0.51%,0.77%,2.31%,2.47%
MORENO,"196,925",6.09%,0.43%,0.67%,0.37%,0.22%,92.23%
WEST,"195,818",75.48%,18.48%,0.49%,0.83%,2.27%,2.45%
COLE,"195,289",75.33%,18.89%,0.55%,0.72%,2.10%,2.41%
HAYES,"194,246",69.38%,24.69%,0.49%,0.81%,2.34%,2.29%
BRYANT,"192,773",58.46%,35.58%,0.39%,0.89%,2.47%,2.21%
HERRERA,"192,711",4.92%,0.36%,0.96%,0.51%,0.22%,93.03%
GIBSON,"190,667",72.14%,21.78%,0.46%,0.97%,2.34%,2.31%
ELLIS,"188,968",70.36%,23.47%,0.54%,0.66%,2.24%,2.73%
TRAN,"188,498",1.35%,0.10%,96.00%,0.03%,1.70%,0.81%
MEDINA,"188,497",5.69%,0.60%,1.92%,0.30%,0.33%,91.16%
AGUILAR,"186,512",4.03%,0.26%,1.64%,0.52%,0.23%,93.32%
STEVENS,"185,674",81.44%,11.82%,0.64%,1.33%,2.04%,2.74%
MURRAY,"184,910",74.92%,19.29%,0.57%,0.60%,2.02%,2.60%
FORD,"184,832",62.05%,32.00%,0.45%,0.61%,2.52%,2.37%
CASTRO,"184,134",7.29%,0.66%,3.74%,0.24%,0.64%,87.42%
MARSHALL,"183,922",66.03%,27.51%,0.58%,0.96%,2.34%,2.58%
OWENS,"182,719",65.85%,28.41%,0.36%,0.75%,2.47%,2.17%
HARRISON,"181,091",68.66%,24.45%,0.52%,1.39%,2.27%,2.70%
FERNANDEZ,"180,842",8.77%,1.15%,5.38%,0.18%,0.93%,83.58%
MCDONALD,"180,497",76.65%,17.28%,0.55%,0.78%,2.01%,2.73%
WOODS,"177,425",58.30%,35.30%,0.42%,0.88%,2.74%,2.35%
WASHINGTON,"177,386",5.17%,87.53%,0.30%,0.68%,3.78%,2.54%
KENNEDY,"176,865",80.82%,13.63%,0.62%,0.61%,1.87%,2.45%
WELLS,"176,230",74.00%,20.00%,0.49%,0.87%,2.22%,2.41%
VARGAS,"173,835",5.41%,0.42%,0.85%,0.18%,0.22%,92.92%
HENRY,"170,964",61.43%,30.68%,0.84%,1.87%,2.34%,2.84%
CHEN,"169,580",1.40%,0.30%,96.12%,0.02%,1.64%,0.52%
FREEMAN,"169,149",65.50%,28.34%,0.52%,0.95%,2.38%,2.30%
WEBB,"168,878",75.53%,19.08%,0.46%,0.66%,1.99%,2.29%
TUCKER,"167,446",70.01%,24.17%,0.45%,0.78%,2.25%,2.35%
GUZMAN,"167,044",4.11%,0.42%,1.29%,0.15%,0.27%,93.77%
BURNS,"165,925",80.26%,14.06%,0.59%,0.78%,1.83%,2.48%
CRAWFORD,"164,457",68.56%,25.65%,0.49%,0.75%,2.30%,2.24%
OLSON,"164,035",94.76%,0.40%,0.66%,0.72%,1.43%,2.03%
SIMPSON,"163,181",70.78%,23.09%,0.53%,0.78%,2.30%,2.53%
PORTER,"163,054",68.57%,25.40%,0.55%,0.72%,2.31%,2.45%
HUNTER,"162,440",60.78%,32.69%,0.48%,1.02%,2.63%,2.41%
GORDON,"161,833",64.25%,29.15%,0.62%,0.68%,2.26%,3.04%
MENDEZ,"161,717",4.48%,0.78%,0.48%,0.24%,0.18%,93.83%
SILVA,"161,633",32.61%,2.03%,2.01%,0.39%,1.62%,61.34%
SHAW,"160,400",72.07%,21.19%,1.48%,0.75%,2.15%,2.36%
SNYDER,"160,262",94.07%,1.46%,0.59%,0.52%,1.45%,1.92%
MASON,"160,213",68.82%,25.10%,0.53%,0.76%,2.38%,2.41%
DIXON,"159,480",54.25%,39.26%,0.43%,0.96%,2.61%,2.49%
MUNOZ,"158,483",4.89%,0.30%,0.91%,0.21%,0.21%,93.48%
HUNT,"158,421",73.57%,16.93%,0.61%,4.23%,2.35%,2.31%
HICKS,"158,320",67.37%,26.88%,0.42%,0.98%,2.23%,2.13%
HOLMES,"156,780",56.79%,37.28%,0.42%,0.76%,2.37%,2.38%
PALMER,"156,601",75.08%,18.57%,0.55%,0.81%,2.11%,2.87%
WAGNER,"155,795",92.47%,2.60%,0.58%,0.54%,1.40%,2.41%
BLACK,"154,738",74.63%,19.00%,0.53%,1.44%,2.08%,2.33%
ROBERTSON,"153,666",73.42%,20.61%,0.52%,0.89%,2.11%,2.46%
BOYD,"153,469",63.18%,30.77%,0.51%,1.02%,2.36%,2.16%
ROSE,"153,397",82.08%,11.61%,0.72%,0.64%,1.99%,2.96%
STONE,"153,329",85.95%,8.13%,0.65%,0.95%,1.93%,2.39%
SALAZAR,"152,703",5.62%,0.27%,1.69%,0.46%,0.30%,91.65%
FOX,"152,334",88.08%,6.06%,0.56%,1.03%,1.84%,2.42%
WARREN,"152,147",70.08%,23.94%,0.55%,0.84%,2.26%,2.33%
MILLS,"151,942",77.50%,16.77%,0.51%,0.82%,2.06%,2.33%
MEYER,"150,895",94.84%,0.52%,0.71%,0.29%,1.37%,2.28%
RICE,"149,500",77.63%,16.74%,0.57%,0.74%,1.99%,2.33%
SCHMIDT,"147,034",95.15%,0.37%,0.61%,0.34%,1.19%,2.34%
GARZA,"147,005",6.66%,0.24%,0.17%,0.28%,0.15%,92.49%
DANIELS,"146,570",54.67%,38.54%,0.51%,0.91%,2.68%,2.70%
FERGUSON,"146,426",74.83%,19.19%,0.60%,0.62%,2.23%,2.53%
NICHOLS,"145,584",82.42%,11.88%,0.52%,0.76%,1.99%,2.43%
STEPHENS,"144,646",73.90%,20.31%,0.46%,0.67%,2.12%,2.54%
SOTO,"144,451",5.15%,0.48%,0.44%,0.26%,0.22%,93.45%
WEAVER,"143,837",84.41%,9.99%,0.52%,1.09%,1.87%,2.12%
RYAN,"143,452",91.65%,3.02%,0.89%,0.43%,1.46%,2.55%
GARDNER,"142,894",75.01%,19.40%,0.56%,0.70%,2.04%,2.29%
PAYNE,"142,601",71.55%,22.63%,0.45%,0.58%,2.37%,2.42%
GRANT,"142,277",55.36%,37.91%,0.52%,1.08%,2.35%,2.79%
DUNN,"141,427",80.08%,14.39%,0.75%,0.59%,1.94%,2.25%
KELLEY,"140,693",83.78%,10.80%,0.55%,0.66%,2.03%,2.18%
SPENCER,"139,951",69.41%,23.22%,0.76%,1.47%,2.48%,2.67%
HAWKINS,"139,751",61.08%,32.75%,0.48%,0.69%,2.50%,2.50%
ARNOLD,"138,893",81.27%,13.34%,0.57%,0.55%,1.87%,2.41%
PIERCE,"138,629",80.98%,12.86%,0.53%,1.06%,2.10%,2.47%
VAZQUEZ,"138,322",3.53%,0.35%,0.18%,0.06%,0.12%,95.75%
HANSEN,"137,977",94.22%,0.53%,0.74%,0.49%,1.47%,2.54%
PETERS,"137,513",82.86%,10.41%,0.98%,1.33%,1.86%,2.55%
SANTOS,"137,232",20.06%,2.31%,13.32%,0.27%,1.85%,62.20%
HART,"137,184",80.54%,13.64%,0.56%,0.73%,2.01%,2.52%
BRADLEY,"136,720",69.12%,25.09%,0.44%,0.82%,2.19%,2.34%
KNIGHT,"136,713",72.31%,21.61%,0.52%,0.90%,2.17%,2.50%
ELLIOTT,"135,765",81.62%,12.96%,0.54%,0.66%,2.00%,2.21%
CUNNINGHAM,"135,718",73.16%,21.18%,0.53%,0.48%,2.07%,2.58%
DUNCAN,"135,187",76.39%,17.33%,0.52%,0.99%,2.21%,2.55%
ARMSTRONG,"135,044",72.39%,21.01%,0.58%,0.93%,2.31%,2.79%
HUDSON,"134,963",66.88%,27.42%,0.46%,0.84%,2.20%,2.20%
CARROLL,"134,317",82.95%,11.48%,0.61%,0.67%,1.92%,2.36%
LANE,"134,227",77.14%,16.88%,0.61%,0.92%,2.12%,2.33%
RILEY,"133,872",72.79%,21.27%,0.51%,0.87%,2.08%,2.48%
ANDREWS,"133,799",71.78%,21.58%,0.78%,1.09%,2.20%,2.57%
ALVARADO,"133,501",4.29%,0.33%,0.53%,0.23%,0.20%,94.42%
RAY,"133,171",74.97%,17.54%,1.94%,0.93%,2.05%,2.56%
DELGADO,"132,985",5.57%,0.72%,0.80%,0.19%,0.25%,92.47%
BERRY,"132,812",70.66%,23.11%,0.56%,0.80%,2.34%,2.53%
PERKINS,"131,440",69.45%,24.60%,0.53%,0.73%,2.33%,2.37%
HOFFMAN,"131,401",94.08%,1.26%,0.63%,0.56%,1.34%,2.12%
JOHNSTON,"131,373",91.62%,2.41%,0.68%,0.83%,1.84%,2.62%
MATTHEWS,"131,303",63.37%,30.67%,0.62%,0.58%,2.36%,2.39%
PENA,"130,776",5.34%,0.52%,1.09%,0.31%,0.24%,92.50%
RICHARDS,"130,529",78.67%,14.86%,0.66%,1.04%,1.96%,2.81%
CONTRERAS,"130,164",4.19%,0.21%,0.55%,0.25%,0.16%,94.64%
WILLIS,"130,152",62.22%,31.07%,0.51%,1.33%,2.55%,2.31%
CARPENTER,"129,898",86.21%,8.49%,0.57%,0.68%,1.87%,2.18%
LAWRENCE,"129,699",68.87%,24.65%,0.74%,0.93%,2.30%,2.50%
SANDOVAL,"128,948",5.29%,0.21%,0.55%,1.77%,0.25%,91.93%
GUERRERO,"128,677",4.55%,0.33%,2.20%,0.22%,0.43%,92.27%
GEORGE,"128,625",66.47%,18.46%,7.62%,2.24%,2.04%,3.16%
CHAPMAN,"127,939",79.51%,14.62%,0.57%,0.81%,2.03%,2.47%
RIOS,"127,794",4.99%,0.44%,0.43%,0.32%,0.22%,93.61%
ESTRADA,"127,470",4.58%,0.43%,1.66%,0.20%,0.28%,92.86%
ORTEGA,"127,256",4.77%,0.29%,1.15%,0.43%,0.25%,93.11%
WATKINS,"127,083",62.03%,32.27%,0.42%,0.64%,2.56%,2.09%
GREENE,"126,101",67.70%,26.54%,0.48%,0.73%,2.34%,2.21%
NUNEZ,"125,350",5.28%,0.67%,0.83%,0.26%,0.23%,92.72%
WHEELER,"125,058",80.96%,13.29%,0.50%,0.93%,1.97%,2.35%
VALDEZ,"124,995",6.29%,0.48%,3.35%,0.65%,0.56%,88.66%
HARPER,"124,461",67.90%,26.22%,0.49%,0.72%,2.36%,2.31%
BURKE,"122,877",85.93%,8.76%,0.68%,0.54%,1.68%,2.41%
LARSON,"122,587",94.79%,0.49%,0.74%,0.62%,1.41%,1.95%
SANTIAGO,"122,212",5.41%,1.31%,4.50%,0.14%,0.58%,88.06%
MALDONADO,"121,526",4.97%,0.50%,0.40%,0.19%,0.23%,93.71%
MORRISON,"121,130",79.11%,14.82%,0.61%,0.98%,1.99%,2.49%
FRANKLIN,"120,621",54.38%,38.76%,0.54%,0.83%,2.78%,2.70%
CARLSON,"120,552",94.83%,0.46%,0.77%,0.49%,1.38%,2.07%
AUSTIN,"119,706",67.47%,26.01%,0.61%,0.80%,2.34%,2.78%
DOMINGUEZ,"119,304",5.04%,0.38%,1.03%,0.25%,0.21%,93.09%
CARR,"119,076",73.61%,20.82%,0.49%,0.59%,2.08%,2.41%
LAWSON,"119,053",73.84%,20.74%,0.43%,0.65%,2.15%,2.20%
JACOBS,"118,614",74.28%,16.71%,0.59%,3.75%,2.16%,2.52%
OBRIEN,"118,557",93.85%,1.29%,0.76%,0.37%,1.42%,2.32%
LYNCH,"117,708",82.30%,11.74%,0.59%,1.07%,1.78%,2.52%
SINGH,"116,749",4.29%,4.48%,82.77%,1.15%,4.81%,2.50%
VEGA,"116,673",5.53%,0.56%,0.73%,0.22%,0.29%,92.68%
BISHOP,"116,618",84.44%,10.14%,0.61%,0.57%,1.86%,2.37%
MONTGOMERY,"115,953",67.86%,26.23%,0.59%,0.61%,2.37%,2.35%
OLIVER,"115,900",64.19%,27.45%,0.68%,0.74%,2.43%,4.52%
JENSEN,"115,679",93.97%,0.44%,0.73%,0.82%,1.40%,2.64%
HARVEY,"115,662",68.00%,25.00%,0.52%,1.71%,2.25%,2.52%
WILLIAMSON,"114,959",77.17%,17.41%,0.50%,0.70%,1.94%,2.27%
GILBERT,"114,940",77.80%,15.92%,0.57%,0.69%,2.04%,2.98%
DEAN,"114,030",76.61%,16.82%,1.06%,0.68%,2.20%,2.63%
SIMS,"113,374",54.29%,39.89%,0.41%,0.55%,2.62%,2.24%
ESPINOZA,"112,154",4.03%,0.23%,0.38%,0.27%,0.17%,94.91%
HOWELL,"112,041",79.48%,15.08%,0.46%,0.72%,1.80%,2.46%
LI,"111,786",1.49%,0.19%,96.78%,0.02%,0.89%,0.63%
WONG,"111,371",3.48%,0.79%,86.49%,0.04%,5.20%,4.00%
REID,"111,360",59.83%,34.10%,0.61%,0.56%,2.28%,2.62%
HANSON,"111,144",92.11%,2.85%,0.70%,0.67%,1.55%,2.11%
LE,"110,967",1.49%,0.23%,95.59%,0.03%,1.92%,0.75%
MCCOY,"110,744",66.88%,26.71%,0.46%,0.89%,2.43%,2.64%
GARRETT,"110,697",69.96%,24.45%,0.44%,0.60%,2.34%,2.20%
BURTON,"110,529",67.32%,27.06%,0.53%,0.51%,2.25%,2.34%
FULLER,"110,116",73.22%,21.06%,0.60%,0.63%,2.16%,2.33%
WANG,"109,883",2.59%,0.29%,95.24%,0.02%,1.50%,0.35%
WEBER,"109,433",94.29%,1.29%,0.63%,0.36%,1.25%,2.18%
WELCH,"108,987",83.47%,10.44%,0.54%,1.11%,1.90%,2.55%
ROJAS,"108,421",4.12%,0.37%,0.76%,0.12%,0.16%,94.46%
LUCAS,"107,690",69.10%,18.51%,1.63%,0.52%,2.19%,8.05%
MARQUEZ,"107,533",5.10%,0.54%,2.83%,0.37%,0.46%,90.70%
FIELDS,"107,522",57.66%,35.78%,0.39%,1.24%,2.66%,2.28%
PARK,"106,696",23.34%,0.79%,72.98%,0.16%,1.74%,1.00%
YANG,"106,033",1.03%,0.20%,96.81%,0.02%,1.50%,0.45%
LITTLE,"105,936",70.11%,24.26%,0.44%,1.26%,1.93%,2.01%
BANKS,"105,833",39.27%,54.51%,0.36%,0.43%,2.98%,2.45%
PADILLA,"105,365",6.15%,0.40%,2.10%,0.79%,0.41%,90.16%
DAY,"105,091",83.08%,10.44%,1.02%,1.08%,1.97%,2.40%
WALSH,"105,079",94.48%,1.11%,0.65%,0.23%,1.35%,2.20%
BOWMAN,"105,007",80.82%,13.62%,0.48%,0.80%,2.05%,2.23%
SCHULTZ,"104,888",94.81%,0.70%,0.59%,0.41%,1.28%,2.22%
LUNA,"104,518",8.15%,0.40%,1.84%,0.41%,0.41%,88.78%
FOWLER,"104,515",81.41%,12.89%,0.48%,0.96%,2.10%,2.16%
MEJIA,"104,057",3.37%,0.45%,1.33%,0.14%,0.20%,94.51%
DAVIDSON,"103,930",84.38%,10.08%,0.65%,0.65%,1.88%,2.35%
ACOSTA,"103,418",6.96%,0.62%,2.26%,0.26%,0.43%,89.48%
BREWER,"103,318",81.30%,12.64%,0.42%,1.35%,2.09%,2.19%
MAY,"103,306",83.55%,9.57%,1.22%,0.73%,1.89%,3.04%
HOLLAND,"102,538",76.77%,17.67%,0.46%,0.57%,2.16%,2.37%
JUAREZ,"101,949",3.42%,0.22%,0.39%,0.16%,0.15%,95.66%
NEWMAN,"101,931",83.03%,11.08%,0.61%,0.69%,1.99%,2.60%
PEARSON,"101,836",72.14%,22.51%,0.56%,0.41%,2.14%,2.24%
CURTIS,"101,801",77.90%,15.84%,0.53%,1.03%,2.13%,2.57%
CORTEZ,"101,694",6.00%,0.70%,2.92%,0.29%,0.44%,89.65%
DOUGLAS,"101,458",58.62%,34.67%,0.52%,0.70%,2.69%,2.80%
SCHNEIDER,"101,290",95.35%,0.43%,0.59%,0.27%,1.20%,2.16%
JOSEPH,"100,959",29.59%,54.19%,9.76%,0.99%,2.49%,2.98%
BARRETT,"100,104",80.70%,13.40%,0.67%,0.62%,1.96%,2.65%
NAVARRO,"99,807",6.66%,0.38%,4.04%,0.23%,0.55%,88.14%
FIGUEROA,"98,468",4.93%,0.84%,1.00%,0.15%,0.26%,92.82%
KELLER,"98,268",91.40%,3.86%,0.57%,0.46%,1.45%,2.26%
AVILA,"97,314",7.02%,0.43%,1.11%,0.23%,0.26%,90.96%
WADE,"97,040",64.94%,29.08%,0.47%,0.74%,2.44%,2.34%
MOLINA,"96,979",5.82%,0.51%,2.28%,0.64%,0.42%,90.32%
STANLEY,"96,867",78.79%,15.10%,0.74%,1.16%,1.95%,2.27%
HOPKINS,"96,810",73.56%,20.66%,0.48%,0.92%,2.25%,2.14%
CAMPOS,"96,111",7.11%,0.39%,1.38%,0.21%,0.39%,90.52%
BARNETT,"95,681",76.44%,17.47%,0.43%,0.90%,2.20%,2.56%
BATES,"95,622",75.35%,18.90%,0.55%,0.76%,2.03%,2.41%
CHAMBERS,"94,988",65.70%,28.50%,0.45%,0.58%,2.29%,2.47%
CALDWELL,"93,944",68.05%,26.18%,0.42%,0.74%,2.32%,2.29%
BECK,"93,786",90.27%,4.53%,0.74%,0.63%,1.66%,2.17%
LAMBERT,"93,678",83.66%,9.88%,0.59%,1.30%,1.77%,2.79%
MIRANDA,"93,628",12.32%,1.34%,4.21%,0.42%,0.75%,80.97%
BYRD,"92,904",59.01%,34.59%,0.36%,1.30%,2.64%,2.11%
CRAIG,"92,507",79.03%,15.15%,0.61%,0.78%,2.06%,2.37%
AYALA,"92,463",4.37%,0.54%,0.47%,0.20%,0.18%,94.25%
LOWE,"92,260",73.04%,19.35%,1.68%,0.96%,2.41%,2.56%
FRAZIER,"92,152",56.10%,37.36%,0.40%,1.36%,2.51%,2.27%
POWERS,"91,970",89.60%,5.15%,0.65%,0.55%,1.65%,2.39%
NEAL,"91,694",62.10%,31.84%,0.60%,0.68%,2.61%,2.16%
LEONARD,"91,475",80.38%,14.07%,0.59%,0.77%,1.77%,2.42%
GREGORY,"91,384",78.64%,15.56%,0.57%,0.75%,1.99%,2.49%
CARRILLO,"91,129",5.13%,0.24%,0.68%,0.36%,0.24%,93.33%
SUTTON,"90,964",72.77%,21.70%,0.48%,0.68%,2.24%,2.13%
FLEMING,"90,677",71.71%,22.76%,0.62%,0.52%,2.21%,2.19%
RHODES,"90,670",74.76%,20.04%,0.48%,0.62%,1.92%,2.17%
SHELTON,"90,517",73.49%,20.64%,0.47%,0.67%,2.50%,2.23%
SCHWARTZ,"90,071",95.93%,0.44%,0.57%,0.21%,0.96%,1.89%
NORRIS,"89,796",79.88%,14.41%,0.52%,0.94%,2.04%,2.20%
JENNINGS,"89,700",70.87%,23.06%,0.70%,0.66%,2.25%,2.45%
WATTS,"89,649",68.62%,25.52%,0.48%,0.77%,2.35%,2.26%
DURAN,"89,401",9.93%,0.54%,1.23%,0.78%,0.41%,87.11%
WALTERS,"89,376",82.92%,11.29%,0.65%,0.82%,1.69%,2.63%
COHEN,"89,091",88.89%,5.97%,0.66%,0.11%,1.08%,3.29%
MCDANIEL,"88,728",76.18%,18.35%,0.43%,0.64%,2.05%,2.35%
MORAN,"88,615",64.14%,2.43%,0.70%,0.79%,1.13%,30.81%
PARKS,"88,586",69.39%,24.91%,0.59%,0.67%,2.38%,2.06%
STEELE,"88,230",78.25%,15.60%,0.53%,1.15%,2.02%,2.43%
VAUGHN,"88,060",71.52%,22.67%,0.44%,0.75%,2.34%,2.27%
BECKER,"87,859",94.89%,0.52%,0.66%,0.34%,1.26%,2.33%
HOLT,"87,531",79.38%,14.85%,0.57%,0.87%,2.24%,2.10%
DELEON,"87,414",6.64%,1.04%,8.31%,0.21%,0.74%,83.06%
BARKER,"87,162",86.48%,7.83%,0.68%,0.65%,1.92%,2.44%
TERRY,"87,000",66.28%,27.34%,0.56%,0.70%,2.44%,2.68%
HALE,"86,618",82.23%,11.41%,0.54%,1.19%,2.21%,2.42%
LEON,"86,363",9.99%,2.95%,1.04%,0.37%,0.44%,85.21%
HAIL,"86,240",73.14%,21.60%,0.37%,0.53%,2.09%,2.27%
BENSON,"86,081",77.85%,16.24%,0.79%,0.77%,1.95%,2.41%
HAYNES,"85,974",61.08%,33.19%,0.42%,0.58%,2.25%,2.47%
HORTON,"85,195",69.99%,24.30%,0.52%,0.69%,2.27%,2.23%
MILES,"84,942",61.33%,32.35%,0.49%,0.78%,2.61%,2.44%
LYONS,"84,516",74.88%,19.17%,0.50%,1.01%,2.10%,2.34%
PHAM,"84,320",0.90%,0.20%,96.33%,0.03%,1.81%,0.72%
GRAVES,"84,179",69.64%,24.19%,0.48%,0.71%,2.38%,2.60%
BUSH,"84,018",71.73%,22.44%,0.57%,0.82%,2.15%,2.29%
THORNTON,"83,967",67.42%,27.08%,0.46%,0.62%,2.34%,2.06%
WOLFE,"83,928",90.77%,3.60%,0.52%,1.37%,1.66%,2.09%
WARNER,"83,781",84.22%,10.24%,0.65%,0.61%,1.87%,2.41%
CABRERA,"83,621",4.47%,0.41%,3.52%,0.12%,0.45%,91.02%
MCKINNEY,"83,616",68.84%,25.18%,0.40%,0.88%,2.37%,2.34%
MANN,"83,510",80.39%,9.90%,3.61%,1.32%,2.12%,2.66%
ZIMMERMAN,"83,265",93.84%,2.32%,0.52%,0.30%,1.18%,1.85%
DAWSON,"83,182",68.30%,25.88%,0.64%,0.57%,2.29%,2.33%
LARA,"83,067",5.67%,0.37%,1.14%,0.30%,0.24%,92.28%
FLETCHER,"83,063",72.86%,20.92%,0.58%,0.74%,2.30%,2.60%
PAGE,"82,992",75.12%,18.93%,0.66%,0.65%,2.02%,2.62%
MCCARTHY,"82,950",92.29%,3.25%,0.68%,0.27%,1.27%,2.24%
LOVE,"82,873",56.49%,37.03%,0.54%,0.51%,2.90%,2.53%
ROBLES,"82,458",5.07%,0.43%,2.05%,0.36%,0.30%,91.78%
CERVANTES,"82,161",3.31%,0.16%,0.91%,0.18%,0.14%,95.31%
SOLIS,"82,146",5.14%,0.40%,1.61%,0.18%,0.24%,92.43%
ERICKSON,"82,085",95.05%,0.37%,0.65%,0.57%,1.44%,1.92%
REEVES,"81,978",77.31%,16.52%,0.57%,0.77%,2.12%,2.71%
CHANG,"81,939",2.37%,0.87%,88.84%,0.03%,4.18%,3.71%
KLEIN,"81,471",95.41%,0.32%,0.60%,0.23%,1.13%,2.30%
SALINAS,"81,156",5.55%,0.25%,0.90%,0.19%,0.23%,92.88%
FUENTES,"81,006",4.56%,0.41%,1.31%,0.19%,0.29%,93.24%
BALDWIN,"80,742",76.87%,17.25%,0.52%,0.93%,1.99%,2.43%
DANIEL,"80,526",62.84%,25.56%,3.16%,0.69%,2.15%,5.59%
SIMON,"80,460",65.09%,22.51%,2.75%,0.67%,1.93%,7.06%
VELASQUEZ,"80,364",4.75%,0.66%,1.71%,0.43%,0.24%,92.22%
HARDY,"80,252",61.47%,32.34%,0.50%,1.20%,2.27%,2.22%
HIGGINS,"79,803",83.91%,10.77%,0.56%,0.56%,1.90%,2.30%
AGUIRRE,"79,517",5.10%,0.25%,1.25%,0.20%,0.25%,92.94%
LIN,"79,508",1.70%,0.18%,95.85%,0.02%,1.77%,0.47%
CUMMINGS,"79,316",72.52%,19.66%,0.72%,2.33%,2.32%,2.45%
CHANDLER,"79,186",74.49%,19.63%,0.60%,0.68%,2.20%,2.40%
SHARP,"78,990",83.57%,10.56%,0.59%,1.02%,1.94%,2.33%
BARBER,"78,848",75.48%,18.38%,0.64%,1.02%,2.08%,2.39%
BOWEN,"78,822",82.08%,11.96%,0.55%,0.68%,2.01%,2.71%
OCHOA,"78,677",4.53%,0.29%,0.54%,0.36%,0.18%,94.09%
DENNIS,"78,482",65.60%,27.84%,0.60%,0.79%,2.29%,2.88%
ROBBINS,"78,381",87.57%,7.24%,0.49%,0.91%,1.72%,2.06%
LIU,"78,370",1.79%,0.17%,95.62%,0.02%,1.86%,0.54%
RAMSEY,"78,350",77.84%,16.51%,0.46%,0.70%,2.02%,2.46%
FRANCIS,"78,327",59.48%,30.30%,2.00%,2.07%,2.37%,3.78%
GRIFFITH,"78,260",83.93%,10.40%,0.55%,0.67%,1.88%,2.56%
PAUL,"78,256",66.99%,20.13%,6.25%,2.05%,1.92%,2.67%
BLAIR,"78,026",79.40%,14.67%,0.55%,0.67%,2.18%,2.53%
OCONNOR,"77,923",92.81%,2.12%,0.75%,0.33%,1.37%,2.61%
CARDENAS,"77,652",4.59%,0.28%,1.02%,0.20%,0.21%,93.70%
PACHECO,"77,642",15.32%,0.57%,1.16%,0.72%,0.81%,81.43%
CROSS,"77,557",75.47%,18.28%,0.57%,0.91%,2.25%,2.52%
CALDERON,"77,085",4.95%,0.56%,1.53%,0.16%,0.25%,92.55%
QUINN,"76,986",86.23%,8.34%,0.69%,0.47%,1.63%,2.64%
MOSS,"76,908",69.73%,24.71%,0.48%,0.68%,2.12%,2.28%
SWANSON,"76,897",90.41%,4.80%,0.70%,0.46%,1.53%,2.10%
CHAN,"76,664",2.75%,0.75%,89.32%,0.05%,2.54%,4.58%
RIVAS,"76,205",4.88%,0.59%,0.41%,0.28%,0.17%,93.67%
KHAN,"76,171",6.89%,3.86%,81.25%,0.54%,5.27%,2.20%
RODGERS,"76,095",70.15%,23.84%,0.46%,0.64%,2.22%,2.69%
SERRANO,"75,996",5.62%,0.70%,2.90%,0.13%,0.31%,90.34%
FITZGERALD,"75,356",86.32%,8.82%,0.67%,0.31%,1.65%,2.22%
ROSALES,"75,185",3.63%,0.30%,2.39%,0.21%,0.26%,93.21%
STEVENSON,"75,169",63.44%,30.19%,0.63%,0.54%,2.50%,2.70%
CHRISTENSEN,"75,143",94.42%,0.36%,0.73%,0.60%,1.51%,2.38%
MANNING,"74,949",73.90%,20.34%,0.56%,0.81%,2.03%,2.36%
GILL,"74,948",65.23%,13.96%,13.43%,0.59%,2.06%,4.74%
CURRY,"74,919",59.18%,34.93%,0.49%,0.47%,2.41%,2.52%
MCLAUGHLIN,"74,816",87.99%,7.08%,0.58%,0.53%,1.44%,2.38%
HARMON,"74,737",77.26%,17.02%,0.53%,0.73%,2.12%,2.34%
MCGEE,"74,542",62.25%,31.53%,0.45%,0.73%,2.72%,2.32%
GROSS,"74,503",84.87%,10.34%,0.52%,0.34%,1.48%,2.45%
DOYLE,"74,458",89.12%,5.66%,0.66%,0.49%,1.68%,2.39%
GARNER,"74,324",71.71%,22.82%,0.48%,0.54%,2.11%,2.34%
NEWTON,"74,092",75.66%,18.42%,0.62%,0.68%,2.05%,2.56%
BURGESS,"73,931",75.35%,18.67%,0.63%,0.95%,2.21%,2.17%
REESE,"73,919",66.05%,28.24%,0.44%,0.58%,2.07%,2.62%
WALTON,"73,854",60.37%,34.20%,0.40%,0.51%,2.39%,2.13%
BLAKE,"73,797",71.21%,22.58%,0.56%,0.84%,2.14%,2.68%
TRUJILLO,"73,664",8.39%,0.21%,0.29%,1.63%,0.35%,89.14%
ADKINS,"73,599",87.20%,8.02%,0.38%,0.84%,1.83%,1.72%
BRADY,"73,145",87.28%,6.89%,0.56%,0.96%,1.65%,2.66%
GOODMAN,"73,136",78.33%,15.83%,0.57%,1.00%,1.84%,2.43%
ROMAN,"72,918",20.79%,1.86%,0.97%,0.20%,0.51%,75.67%
WEBSTER,"72,625",73.50%,19.75%,0.62%,1.38%,2.25%,2.51%
GOODWIN,"72,451",77.04%,17.22%,0.50%,0.86%,2.08%,2.30%
FISCHER,"72,357",94.34%,0.87%,0.61%,0.40%,1.22%,2.56%
HUANG,"72,328",0.90%,0.11%,97.14%,0.02%,1.42%,0.40%
POTTER,"72,175",89.07%,5.13%,0.56%,0.78%,1.96%,2.50%
DELACRUZ,"72,109",3.86%,0.40%,16.77%,0.19%,1.54%,77.24%
MONTOYA,"71,844",8.65%,0.26%,0.87%,1.40%,0.38%,88.44%
TODD,"71,759",80.77%,13.58%,0.51%,0.68%,2.11%,2.34%
WU,"71,721",1.37%,0.18%,96.37%,0.02%,1.59%,0.48%
HINES,"71,717",57.72%,36.73%,0.49%,0.49%,2.31%,2.25%
MULLINS,"71,646",88.75%,6.86%,0.36%,0.52%,1.78%,1.74%
CASTANEDA,"71,368",4.11%,0.22%,1.79%,0.20%,0.25%,93.42%
MALONE,"71,286",67.31%,26.77%,0.56%,0.71%,2.19%,2.46%
CANNON,"71,085",69.78%,24.50%,0.50%,0.54%,2.26%,2.42%
TATE,"71,058",55.59%,38.34%,0.61%,0.84%,2.50%,2.12%
MACK,"71,056",44.76%,49.06%,0.70%,0.53%,2.59%,2.37%
SHERMAN,"70,502",82.74%,11.57%,0.63%,0.98%,1.75%,2.33%
HUBBARD,"70,362",71.05%,23.15%,0.45%,0.90%,2.30%,2.15%
HODGES,"70,223",73.41%,20.90%,0.48%,0.56%,2.08%,2.57%
ZHANG,"70,125",0.99%,0.16%,98.06%,0.02%,0.62%,0.15%
GUERRA,"70,071",11.26%,0.80%,0.58%,0.50%,0.28%,86.59%
WOLF,"70,031",93.67%,1.07%,0.61%,1.05%,1.46%,2.16%
VALENCIA,"70,000",5.32%,0.50%,3.28%,1.21%,0.46%,89.23%
SAUNDERS,"69,943",67.39%,26.12%,0.57%,0.72%,2.57%,2.62%
FRANCO,"69,943",15.82%,0.63%,1.74%,0.32%,0.50%,81.00%
ROWE,"69,879",79.26%,15.06%,0.64%,0.57%,2.00%,2.47%
GALLAGHER,"69,834",94.62%,0.69%,0.64%,0.30%,1.26%,2.50%
FARMER,"69,617",77.16%,17.45%,0.47%,1.05%,1.82%,2.07%
HAMMOND,"69,515",78.23%,16.09%,0.64%,0.69%,2.16%,2.19%
HAMPTON,"69,472",53.70%,40.30%,0.40%,0.72%,2.67%,2.21%
TOWNSEND,"69,360",67.70%,26.42%,0.47%,0.79%,2.25%,2.38%
INGRAM,"69,345",61.45%,32.98%,0.36%,0.54%,2.25%,2.42%
WISE,"68,649",78.63%,15.55%,0.58%,0.71%,2.14%,2.38%
GALLEGOS,"68,373",7.66%,0.19%,0.47%,0.49%,0.29%,90.89%
CLARKE,"68,281",61.02%,32.10%,0.63%,0.38%,2.32%,3.56%
BARTON,"68,233",85.11%,7.96%,0.59%,1.31%,1.91%,3.12%
SCHROEDER,"67,977",95.36%,0.32%,0.59%,0.49%,1.13%,2.11%
MAXWELL,"67,961",73.22%,20.63%,0.61%,0.64%,2.16%,2.74%
WATERS,"67,929",73.39%,20.68%,0.56%,0.85%,2.13%,2.39%
LOGAN,"67,909",64.80%,27.30%,0.71%,1.08%,2.89%,3.21%
CAMACHO,"67,893",6.09%,0.57%,2.90%,0.16%,0.71%,89.56%
STRICKLAND,"67,769",76.23%,17.16%,0.46%,2.15%,2.04%,1.97%
NORMAN,"67,704",68.97%,25.07%,0.63%,0.63%,2.25%,2.44%
PERSON,"67,411",45.58%,34.51%,4.14%,1.12%,1.78%,12.88%
COLON,"67,338",7.58%,1.89%,0.31%,0.14%,0.33%,89.75%
PARSONS,"67,310",91.09%,3.60%,0.60%,0.67%,1.75%,2.27%
FRANK,"67,304",84.54%,7.96%,0.99%,2.23%,1.60%,2.68%
HARRINGTON,"66,959",82.01%,12.38%,0.72%,0.64%,1.84%,2.41%
GLOVER,"66,858",52.58%,41.73%,0.51%,0.48%,2.45%,2.24%
OSBORNE,"66,827",82.28%,12.39%,0.50%,0.65%,1.97%,2.22%
BUCHANAN,"66,648",77.40%,17.00%,0.59%,0.57%,2.01%,2.43%
CASEY,"66,556",86.89%,7.47%,0.66%,0.70%,1.88%,2.41%
FLOYD,"66,454",65.41%,29.21%,0.41%,0.68%,2.30%,2.00%
PATTON,"66,293",73.05%,20.90%,0.49%,0.88%,2.25%,2.44%
IBARRA,"66,063",2.95%,0.15%,1.24%,0.12%,0.23%,95.32%
BALL,"66,059",82.32%,12.00%,0.96%,0.58%,1.78%,2.35%
TYLER,"66,056",61.96%,30.99%,0.54%,1.35%,2.70%,2.46%
SUAREZ,"66,013",6.79%,0.57%,2.11%,0.14%,0.27%,90.12%
BOWERS,"66,003",83.40%,11.53%,0.47%,0.60%,1.73%,2.27%
OROZCO,"65,904",3.40%,0.17%,0.39%,0.15%,0.12%,95.76%
SALAS,"65,468",6.46%,0.38%,2.05%,0.31%,0.58%,90.22%
COBB,"65,125",69.98%,24.79%,0.44%,0.64%,2.13%,2.02%
GIBBS,"65,064",65.85%,28.29%,0.49%,0.69%,2.25%,2.42%
ANDRADE,"65,037",15.43%,3.24%,1.62%,0.26%,1.26%,78.19%
BAUER,"65,004",95.10%,0.39%,0.59%,0.38%,1.17%,2.38%
CONNER,"64,572",78.57%,16.17%,0.47%,0.57%,2.02%,2.20%
MOODY,"64,429",71.27%,22.86%,0.44%,0.76%,1.95%,2.71%
ESCOBAR,"64,403",5.17%,0.41%,1.55%,0.18%,0.26%,92.44%
MCGUIRE,"64,327",88.00%,6.33%,0.65%,0.56%,1.86%,2.61%
LLOYD,"64,202",72.59%,22.11%,0.55%,0.44%,2.03%,2.29%
MUELLER,"64,191",95.66%,0.31%,0.64%,0.24%,1.14%,2.02%
HARTMAN,"64,106",93.86%,1.62%,0.65%,0.45%,1.29%,2.13%
FRENCH,"63,991",85.75%,8.10%,0.66%,1.11%,1.92%,2.45%
KRAMER,"63,936",95.35%,0.34%,0.61%,0.25%,1.24%,2.21%
MCBRIDE,"63,899",74.28%,19.88%,0.44%,0.80%,2.02%,2.57%
POPE,"63,881",70.83%,23.77%,0.47%,0.61%,2.13%,2.19%
LINDSEY,"63,760",67.78%,25.72%,0.79%,0.68%,2.73%,2.31%
VELAZQUEZ,"63,736",3.26%,0.44%,0.12%,0.12%,0.11%,95.95%
NORTON,"63,722",87.84%,6.55%,0.55%,1.19%,1.75%,2.12%
MCCORMICK,"63,649",87.33%,7.59%,0.57%,0.42%,1.61%,2.48%
SPARKS,"63,440",84.22%,10.43%,0.42%,0.74%,1.99%,2.21%
FLYNN,"63,400",91.91%,3.07%,0.66%,0.60%,1.50%,2.26%
YATES,"63,254",80.58%,14.07%,0.49%,0.54%,2.07%,2.25%
HOGAN,"63,085",80.12%,14.44%,0.53%,0.61%,1.84%,2.46%
MARSH,"62,304",82.74%,12.04%,0.54%,0.57%,1.90%,2.22%
MACIAS,"62,227",4.92%,0.17%,0.40%,0.21%,0.16%,94.14%
VILLANUEVA,"61,883",4.25%,0.43%,12.29%,0.26%,1.01%,81.77%
ZAMORA,"61,729",5.38%,0.31%,2.52%,0.26%,0.33%,91.21%
PRATT,"61,671",78.04%,15.69%,0.62%,1.00%,2.02%,2.63%
STOKES,"61,639",58.27%,36.00%,0.36%,0.45%,2.39%,2.52%
OWEN,"61,630",91.78%,2.37%,0.73%,0.87%,1.71%,2.54%
BALLARD,"61,625",75.26%,19.17%,0.42%,0.82%,2.09%,2.23%
LANG,"61,529",81.36%,10.38%,3.31%,0.59%,1.84%,2.52%
BROCK,"61,369",83.03%,11.74%,0.46%,0.76%,1.98%,2.02%
VILLARREAL,"61,355",6.45%,0.23%,0.19%,0.15%,0.13%,92.85%
CHARLES,"61,211",33.69%,52.96%,1.01%,2.07%,2.37%,7.90%
DRAKE,"61,162",79.55%,14.92%,0.52%,0.62%,2.04%,2.34%
BARRERA,"60,998",5.01%,0.27%,1.14%,0.20%,0.21%,93.18%
CAIN,"60,948",77.21%,17.00%,0.75%,0.60%,2.11%,2.33%
PATRICK,"60,845",73.73%,20.35%,0.73%,1.03%,2.01%,2.15%
PINEDA,"60,820",3.29%,0.32%,5.28%,0.12%,0.32%,90.67%
BURNETT,"60,791",69.91%,24.06%,0.41%,0.74%,2.52%,2.36%
MERCADO,"60,761",5.24%,0.58%,6.85%,0.14%,0.63%,86.55%
SANTANA,"60,667",6.13%,1.31%,0.54%,0.11%,0.33%,91.59%
SHEPHERD,"60,479",78.64%,15.94%,0.54%,0.89%,1.95%,2.04%
BAUTISTA,"60,264",3.16%,0.27%,18.23%,0.28%,1.27%,76.80%
ALI,"60,002",17.33%,30.71%,42.91%,0.51%,5.66%,2.87%
SHAFFER,"59,943",93.08%,2.54%,0.55%,0.40%,1.50%,1.92%
LAMB,"59,913",86.10%,8.62%,0.70%,0.54%,1.73%,2.29%
TREVINO,"59,882",7.83%,0.29%,0.20%,0.40%,0.22%,91.06%
MCKENZIE,"59,595",64.64%,28.63%,0.69%,0.74%,2.28%,3.03%
HESS,"59,486",94.63%,0.93%,0.55%,0.53%,1.38%,1.98%
BEIL,"59,463",62.10%,32.08%,0.34%,0.87%,2.29%,2.33%
OLSEN,"59,356",93.69%,0.34%,0.77%,0.76%,1.79%,2.65%
COCHRAN,"59,350",85.29%,9.05%,0.50%,1.24%,1.67%,2.24%
MORTON,"59,213",74.00%,19.74%,0.66%,0.86%,2.29%,2.45%
NASH,"58,714",69.34%,24.62%,0.53%,0.80%,2.43%,2.29%
WILKINS,"58,634",63.09%,30.56%,0.43%,0.89%,2.36%,2.66%
PETERSEN,"58,480",93.42%,1.33%,0.76%,0.44%,1.55%,2.51%
BRIGGS,"58,408",75.92%,18.56%,0.51%,0.67%,2.10%,2.24%
SHAH,"58,287",3.59%,0.94%,91.74%,0.34%,2.70%,0.70%
ROTH,"58,278",94.86%,0.50%,0.90%,0.29%,1.19%,2.27%
NICHOLSON,"58,151",74.25%,19.89%,0.54%,0.62%,2.15%,2.54%
HOLLOWAY,"58,040",58.27%,36.07%,0.40%,0.61%,2.53%,2.12%
LOZANO,"57,779",5.96%,0.29%,1.55%,0.20%,0.26%,91.73%
RANGEL,"57,549",6.01%,0.29%,0.28%,0.22%,0.18%,93.02%
FLOWERS,"57,549",53.12%,40.28%,0.40%,0.63%,2.80%,2.77%
HOOVER,"57,497",92.03%,3.37%,0.59%,0.64%,1.50%,1.87%
SHORT,"57,477",84.12%,10.24%,0.59%,0.86%,2.01%,2.18%
ARIAS,"57,477",5.12%,0.40%,1.06%,0.14%,0.21%,93.07%
MORA,"57,464",7.38%,0.45%,1.07%,0.26%,0.26%,90.59%
VALENZUELA,"57,383",4.95%,0.21%,2.40%,1.67%,0.40%,90.36%
BRYAN,"57,143",81.33%,11.79%,0.64%,0.63%,1.77%,3.83%
MEYERS,"57,127",89.78%,4.64%,0.76%,0.62%,1.82%,2.38%
WEISS,"57,112",95.58%,0.38%,0.65%,0.20%,0.95%,2.24%
UNDERWOOD,"57,064",79.20%,15.03%,0.48%,1.09%,2.03%,2.17%
BASS,"57,044",69.18%,24.53%,0.49%,0.77%,2.31%,2.72%
GREER,"57,043",73.30%,21.33%,0.49%,0.45%,2.07%,2.36%
SUMMERS,"56,953",78.93%,14.80%,0.54%,1.10%,2.29%,2.34%
HOUSTON,"56,900",52.07%,41.49%,0.50%,0.63%,2.81%,2.51%
CARSON,"56,872",72.25%,21.67%,0.61%,0.78%,2.28%,2.41%
MORROW,"56,840",79.85%,14.72%,0.52%,0.72%,2.04%,2.15%
CLAYTON,"56,638",69.14%,25.47%,0.45%,0.53%,2.23%,2.18%
WHITAKER,"56,616",70.71%,24.33%,0.46%,0.45%,2.02%,2.03%
DECKER,"56,576",93.96%,0.90%,0.51%,0.58%,1.61%,2.45%
YODER,"56,410",97.77%,0.19%,0.23%,0.15%,0.73%,0.93%
COLLIER,"56,380",66.97%,27.39%,0.47%,0.60%,2.41%,2.15%
ZUNIGA,"56,347",4.45%,0.48%,0.75%,0.23%,0.16%,93.92%
CAREY,"56,322",80.90%,13.52%,0.60%,0.67%,2.05%,2.25%
WILCOX,"56,286",83.89%,10.42%,0.56%,0.78%,1.87%,2.48%
MELENDEZ,"56,230",4.96%,0.99%,0.48%,0.22%,0.26%,93.08%
POOLE,"56,226",72.56%,22.71%,0.48%,0.42%,1.97%,1.85%
ROBERSON,"56,180",51.34%,42.78%,0.38%,0.52%,2.74%,2.23%
LARSEN,"55,960",94.16%,0.51%,0.75%,0.70%,1.50%,2.37%
CONLEY,"55,917",79.78%,15.39%,0.42%,0.55%,2.02%,1.85%
DAVENPORT,"55,895",71.76%,22.32%,0.49%,0.69%,2.38%,2.36%
COPELAND,"55,850",65.85%,28.28%,0.46%,0.71%,2.39%,2.31%
MASSEY,"55,595",73.18%,20.42%,1.06%,1.07%,1.96%,2.32%
LAM,"55,554",6.84%,0.57%,87.99%,0.05%,1.99%,2.56%
HUFF,"55,484",81.37%,13.41%,0.52%,0.70%,1.88%,2.11%
ROCHA,"55,251",16.45%,0.83%,0.80%,0.34%,0.49%,81.08%
CAMERON,"55,240",75.52%,17.86%,0.66%,0.73%,2.09%,3.14%
JEFFERSON,"55,179",17.45%,74.24%,0.40%,1.90%,3.54%,2.47%
HOOD,"55,174",74.07%,20.16%,0.52%,1.00%,2.07%,2.18%
MONROE,"55,136",62.88%,29.27%,0.50%,1.53%,2.53%,3.28%
ANTHONY,"55,114",59.82%,31.93%,1.53%,0.62%,2.29%,3.82%
PITTMAN,"55,021",63.55%,31.31%,0.36%,0.65%,2.14%,1.99%
HUYNH,"54,996",0.82%,0.09%,96.68%,0.02%,1.72%,0.67%
RANDALL,"54,764",74.65%,19.07%,0.64%,1.16%,2.17%,2.30%
SINGLETON,"54,621",45.91%,48.62%,0.38%,0.41%,2.48%,2.20%
KIRK,"54,394",82.37%,10.56%,1.29%,1.38%,2.06%,2.34%
COMBS,"54,257",86.08%,9.13%,0.45%,0.57%,1.86%,1.91%
MATHIS,"54,217",61.94%,32.65%,0.29%,0.59%,2.20%,2.33%
CHRISTIAN,"54,198",66.41%,24.57%,2.33%,0.59%,2.49%,3.62%
SKINNER,"54,046",79.34%,15.03%,0.48%,0.66%,1.96%,2.53%
BRADFORD,"54,015",64.77%,29.10%,0.51%,0.64%,2.48%,2.50%
RICHARD,"53,893",70.35%,23.46%,0.90%,0.57%,1.97%,2.75%
GALVAN,"53,822",6.06%,0.27%,0.80%,0.38%,0.23%,92.26%
WALL,"53,794",86.10%,8.21%,0.75%,0.81%,1.81%,2.31%
BOONE,"53,792",62.39%,31.01%,0.52%,1.38%,2.36%,2.35%
KIRBY,"53,767",85.90%,9.16%,0.50%,0.73%,1.78%,1.93%
WILKINSON,"53,739",88.16%,6.52%,0.63%,0.61%,1.74%,2.36%
BRIDGES,"53,682",67.71%,27.05%,0.46%,0.52%,2.16%,2.10%
BRUCE,"53,419",77.35%,15.89%,0.74%,1.13%,2.20%,2.70%
ATKINSON,"53,376",79.31%,13.96%,0.55%,0.55%,1.73%,3.90%
VELEZ,"53,265",6.80%,0.92%,0.88%,0.07%,0.30%,91.03%
MEZA,"53,230",3.73%,0.26%,0.18%,0.18%,0.11%,95.53%
ROY,"53,159",75.20%,9.04%,9.69%,1.54%,1.96%,2.57%
VINCENT,"53,095",78.93%,13.95%,1.40%,0.63%,1.97%,3.12%
YORK,"53,059",85.81%,8.04%,0.90%,1.00%,1.97%,2.28%
HODGE,"52,920",68.67%,24.92%,0.43%,0.65%,2.43%,2.90%
VILLA,"52,817",8.08%,0.39%,2.06%,0.31%,0.42%,88.74%
ABBOTT,"52,739",89.50%,4.89%,0.65%,0.66%,1.78%,2.53%
ALLISON,"52,701",80.72%,13.10%,0.57%,1.34%,1.99%,2.28%
TAPIA,"52,651",4.85%,0.29%,0.71%,0.40%,0.22%,93.54%
GATES,"52,569",75.04%,19.13%,0.62%,0.76%,2.06%,2.38%
CHASE,"52,481",81.84%,11.39%,0.72%,1.47%,2.07%,2.50%
SOSA,"52,457",5.10%,0.52%,0.72%,0.18%,0.16%,93.31%
SWEENEY,"52,410",90.60%,4.76%,0.56%,0.39%,1.30%,2.38%
FARRELL,"52,321",89.88%,4.78%,0.73%,0.54%,1.41%,2.65%
WYATT,"52,211",75.71%,18.63%,0.42%,0.67%,2.07%,2.49%
DALTON,"52,184",86.84%,7.71%,0.57%,0.67%,1.87%,2.32%
HORN,"52,138",85.15%,8.65%,0.98%,1.18%,1.82%,2.22%
BARRON,"52,070",46.37%,8.83%,0.70%,0.39%,1.18%,42.52%
PHELPS,"52,044",85.10%,9.68%,0.52%,0.60%,1.82%,2.29%
YU,"52,035",1.46%,0.12%,96.10%,0.02%,1.61%,0.69%
DICKERSON,"51,889",62.97%,31.57%,0.43%,0.42%,2.52%,2.09%
HEATH,"51,877",80.30%,14.38%,0.51%,0.77%,1.80%,2.24%
FOLEY,"51,865",92.05%,3.31%,0.73%,0.30%,1.51%,2.10%
ATKINS,"51,671",67.62%,26.67%,0.50%,0.59%,2.40%,2.21%
MATHEWS,"51,592",74.63%,15.36%,4.24%,0.73%,2.21%,2.83%
BONILLA,"51,475",4.48%,0.70%,1.17%,0.17%,0.25%,93.23%
ACEVEDO,"51,351",5.11%,0.60%,0.42%,0.16%,0.17%,93.54%
BENITEZ,"51,288",3.76%,0.50%,1.59%,0.09%,0.19%,93.86%
ZAVALA,"51,153",3.29%,0.20%,0.18%,0.09%,0.12%,96.13%
HENSLEY,"51,081",92.83%,1.88%,0.47%,0.98%,1.79%,2.06%
GLENN,"51,043",61.41%,32.78%,0.48%,0.63%,2.39%,2.32%
CISNEROS,"50,920",4.58%,0.20%,0.20%,0.12%,0.17%,94.73%
HARRELL,"50,837",66.08%,28.84%,0.35%,0.51%,2.20%,2.01%
SHIELDS,"50,832",75.83%,18.50%,0.64%,0.95%,1.90%,2.18%
RUBIO,"50,788",5.35%,0.28%,1.80%,0.27%,0.25%,92.04%
HUFFMAN,"50,786",91.20%,4.31%,0.46%,0.47%,1.64%,1.91%
CHOI,"50,786",1.57%,0.31%,96.09%,0.01%,1.49%,0.54%
BOYER,"50,742",88.78%,5.45%,0.62%,0.61%,1.86%,2.68%
GARRISON,"50,686",83.09%,11.02%,0.50%,0.83%,2.09%,2.48%
ARROYO,"50,614",4.62%,0.63%,1.06%,0.13%,0.24%,93.31%
BOND,"50,610",75.91%,17.88%,0.58%,0.85%,2.34%,2.43%
KANE,"50,584",89.08%,4.57%,1.67%,0.47%,1.77%,2.43%
HANCOCK,"50,558",87.33%,7.65%,0.48%,0.61%,1.70%,2.23%
CALLAHAN,"50,524",89.80%,5.28%,0.60%,0.53%,1.55%,2.23%
DILLON,"50,465",84.36%,9.70%,0.72%,0.98%,1.65%,2.58%
CLINE,"50,258",92.86%,2.15%,0.51%,0.87%,1.61%,2.00%
WIGGINS,"50,247",54.67%,39.64%,0.33%,0.65%,2.37%,2.33%
GRIMES,"50,245",74.91%,19.49%,0.39%,0.58%,2.18%,2.45%
ARELLANO,"50,104",4.49%,0.10%,2.61%,0.28%,0.39%,92.12%
MELTON,"50,069",79.76%,14.20%,0.51%,1.06%,2.12%,2.34%
ONEILL,"50,028",92.67%,0.94%,0.77%,0.27%,1.36%,3.99%
SAVAGE,"49,914",74.84%,19.57%,0.50%,0.80%,2.07%,2.22%
HO,"49,817",2.42%,0.20%,93.06%,0.03%,3.21%,1.08%
BELTRAN,"49,776",4.94%,0.38%,3.34%,0.16%,0.32%,90.85%
PITTS,"49,740",63.23%,31.35%,0.46%,0.51%,2.33%,2.12%
PARRISH,"49,733",80.21%,14.18%,0.49%,1.26%,1.84%,2.01%
PONCE,"49,549",5.13%,0.38%,2.03%,0.21%,0.36%,91.89%
RICH,"49,481",85.20%,9.29%,0.67%,0.56%,1.87%,2.41%
BOOTH,"49,402",83.38%,10.84%,0.63%,1.05%,1.76%,2.34%
KOCH,"49,395",95.29%,0.26%,0.73%,0.29%,1.12%,2.30%
GOLDEN,"49,360",74.70%,19.85%,0.54%,0.61%,2.02%,2.28%
WARE,"49,316",48.69%,44.88%,0.47%,0.82%,2.75%,2.39%
BRENNAN,"49,238",94.56%,0.80%,0.83%,0.24%,1.26%,2.32%
MCDOWELL,"49,217",69.70%,24.86%,0.48%,0.62%,2.09%,2.25%
MARKS,"49,177",79.93%,13.99%,0.73%,0.90%,1.91%,2.53%
CANTU,"49,126",7.85%,0.62%,0.20%,0.23%,0.21%,90.89%
HUMPHREY,"49,056",71.31%,23.21%,0.45%,0.67%,2.10%,2.26%
BAXTER,"49,033",80.37%,13.87%,0.60%,0.63%,2.07%,2.47%
SAWYER,"49,028",80.83%,13.62%,0.71%,0.57%,1.99%,2.29%
CLAY,"48,844",52.74%,40.50%,0.49%,0.94%,2.90%,2.43%
TANNER,"48,813",82.75%,10.94%,0.63%,1.14%,2.21%,2.32%
HUTCHINSON,"48,781",75.38%,18.49%,0.71%,0.72%,2.20%,2.51%
KAUR,"48,753",1.13%,0.27%,96.09%,0.64%,1.50%,0.37%
BERG,"48,746",94.69%,0.35%,0.73%,0.47%,1.44%,2.32%
WILEY,"48,720",65.71%,28.68%,0.46%,0.64%,2.28%,2.23%
GILMORE,"48,719",65.41%,28.06%,0.52%,0.87%,2.55%,2.59%
RUSSO,"48,696",93.85%,0.43%,0.50%,0.14%,0.94%,4.14%
VILLEGAS,"48,599",3.97%,0.29%,3.24%,0.24%,0.39%,91.88%
HOBBS,"48,522",79.07%,15.54%,0.38%,0.81%,1.96%,2.25%
KEITH,"48,487",79.32%,14.52%,0.67%,1.08%,2.13%,2.28%
WILKERSON,"48,444",64.68%,29.39%,0.45%,0.61%,2.59%,2.27%
AHMED,"48,319",15.69%,22.02%,56.54%,0.36%,3.96%,1.44%
BEARD,"48,207",74.91%,19.61%,0.45%,0.67%,1.99%,2.38%
MCCLAIN,"48,165",61.11%,33.10%,0.36%,0.49%,2.57%,2.37%
MONTES,"48,142",5.46%,0.65%,0.79%,0.30%,0.22%,92.58%
MATA,"48,120",5.86%,0.33%,2.58%,0.34%,0.50%,90.39%
ROSARIO,"48,051",5.73%,1.80%,4.51%,0.10%,0.82%,87.02%
